x1 <- 0.05124050599141
x2 <- 0.0515280986176
y1 <- 0.06410389784285
y2 <- 0.06382314115066

dif.x <- x2 - x1
dif.y <- y1 - y2

dif.x
dif.y

# for 63x:

x1 <- 0.02295596480904
x2 <- 0.02313882116073
y1 <- 0.01763756421175
y2 <- 0.01745048911222

dif.x <- x2 - x1
dif.y <- y1 - y2

dif.x
dif.y
